#format table ## [Custom WaveView] saved 22:19:40 Mon Sep 25 2023
TIME B out 
 0.000E+00  0.000E+00  1.800E+00 
 1.000E-12  0.000E+00  1.800E+00 
 3.000E-12  0.000E+00  1.800E+00 
 7.000E-12  0.000E+00  1.800E+00 
 1.500E-11  0.000E+00  1.800E+00 
 3.100E-11  0.000E+00  1.800E+00 
 6.300E-11  0.000E+00  1.800E+00 
 1.270E-10  0.000E+00  1.800E+00 
 2.550E-10  0.000E+00  1.800E+00 
 4.550E-10  0.000E+00  1.800E+00 
 6.550E-10  0.000E+00  1.800E+00 
 8.550E-10  0.000E+00  1.800E+00 
 1.000E-09  0.000E+00  1.800E+00 
 1.002E-09  1.501E-02  1.800E+00 
 1.005E-09  4.502E-02  1.800E+00 
 1.012E-09  1.051E-01  1.801E+00 
 1.018E-09  1.581E-01  1.802E+00 
 1.024E-09  2.194E-01  1.802E+00 
 1.037E-09  3.366E-01  1.803E+00 
 1.055E-09  4.993E-01  1.805E+00 
 1.081E-09  7.310E-01  1.804E+00 
 1.102E-09  9.156E-01  1.799E+00 
 1.116E-09  1.047E+00  1.793E+00 
 1.133E-09  1.194E+00  1.783E+00 
 1.145E-09  1.303E+00  1.774E+00 
 1.151E-09  1.362E+00  1.769E+00 
 1.159E-09  1.430E+00  1.762E+00 
 1.165E-09  1.485E+00  1.756E+00 
 1.170E-09  1.528E+00  1.751E+00 
 1.175E-09  1.576E+00  1.745E+00 
 1.181E-09  1.626E+00  1.739E+00 
 1.189E-09  1.699E+00  1.729E+00 
 1.194E-09  1.750E+00  1.722E+00 
 1.200E-09  1.800E+00  1.714E+00 
 1.202E-09  1.800E+00  1.712E+00 
 1.204E-09  1.800E+00  1.709E+00 
 1.207E-09  1.800E+00  1.704E+00 
 1.214E-09  1.800E+00  1.695E+00 
 1.220E-09  1.800E+00  1.686E+00 
 1.231E-09  1.800E+00  1.671E+00 
 1.242E-09  1.800E+00  1.655E+00 
 1.258E-09  1.800E+00  1.632E+00 
 1.277E-09  1.800E+00  1.605E+00 
 1.305E-09  1.800E+00  1.566E+00 
 1.348E-09  1.800E+00  1.505E+00 
 1.429E-09  1.800E+00  1.392E+00 
 1.591E-09  1.800E+00  1.166E+00 
 1.791E-09  1.800E+00  8.912E-01 
 1.841E-09  1.800E+00  8.234E-01 
 1.941E-09  1.800E+00  6.890E-01 
 2.044E-09  1.800E+00  5.562E-01 
 2.154E-09  1.800E+00  4.282E-01 
 2.264E-09  1.800E+00  3.215E-01 
 2.394E-09  1.800E+00  2.237E-01 
 2.551E-09  1.800E+00  1.411E-01 
 2.751E-09  1.800E+00  7.598E-02 
 2.951E-09  1.800E+00  4.025E-02 
 3.151E-09  1.800E+00  2.113E-02 
 3.351E-09  1.800E+00  1.106E-02 
 3.551E-09  1.800E+00  5.805E-03 
 3.751E-09  1.800E+00  3.065E-03 
 3.951E-09  1.800E+00  1.637E-03 
 4.000E-09  1.800E+00  1.413E-03 
 4.002E-09  1.785E+00  1.284E-03 
 4.005E-09  1.755E+00  1.037E-03 
 4.012E-09  1.695E+00  5.873E-04 
 4.018E-09  1.635E+00  1.762E-04 
 4.029E-09  1.541E+00 -4.350E-04 
 4.044E-09  1.404E+00 -1.262E-03 
 4.069E-09  1.181E+00 -2.513E-03 
 4.078E-09  1.098E+00 -2.893E-03 
 4.092E-09  9.752E-01 -3.332E-03 
 4.102E-09  8.850E-01 -3.573E-03 
 4.115E-09  7.666E-01 -3.940E-03 
 4.121E-09  7.152E-01 -4.070E-03 
 4.128E-09  6.469E-01 -3.006E-03 
 4.135E-09  5.870E-01 -5.582E-04 
 4.145E-09  4.905E-01  6.302E-03 
 4.152E-09  4.362E-01  1.170E-02 
 4.156E-09  3.997E-01  1.598E-02 
 4.160E-09  3.588E-01  2.146E-02 
 4.164E-09  3.196E-01  2.739E-02 
 4.167E-09  2.968E-01  3.110E-02 
 4.168E-09  2.865E-01  3.284E-02 
 4.170E-09  2.660E-01  3.633E-02 
 4.172E-09  2.487E-01  3.919E-02 
 4.176E-09  2.168E-01  4.435E-02 
 4.179E-09  1.923E-01  4.825E-02 
 4.182E-09  1.632E-01  5.288E-02 
 4.186E-09  1.286E-01  5.838E-02 
 4.192E-09  7.260E-02  6.724E-02 
 4.199E-09  6.317E-03  7.759E-02 
 4.200E-09  0.000E+00  7.856E-02 
 4.201E-09  0.000E+00  8.059E-02 
 4.204E-09  0.000E+00  8.384E-02 
 4.205E-09  0.000E+00  8.636E-02 
 4.209E-09  0.000E+00  9.140E-02 
 4.214E-09  0.000E+00  9.899E-02 
 4.222E-09  0.000E+00  1.100E-01 
 4.232E-09  0.000E+00  1.241E-01 
 4.243E-09  0.000E+00  1.402E-01 
 4.256E-09  0.000E+00  1.596E-01 
 4.274E-09  0.000E+00  1.844E-01 
 4.299E-09  0.000E+00  2.195E-01 
 4.337E-09  0.000E+00  2.744E-01 
 4.406E-09  0.000E+00  3.714E-01 
 4.528E-09  0.000E+00  5.407E-01 
 4.683E-09  0.000E+00  7.527E-01 
 4.883E-09  0.000E+00  1.013E+00 
 4.933E-09  0.000E+00  1.074E+00 
 5.033E-09  0.000E+00  1.189E+00 
 5.144E-09  0.000E+00  1.304E+00 
 5.194E-09  0.000E+00  1.350E+00 
 5.294E-09  0.000E+00  1.433E+00 
 5.413E-09  0.000E+00  1.515E+00 
 5.613E-09  0.000E+00  1.619E+00 
 5.813E-09  0.000E+00  1.687E+00 
 6.013E-09  0.000E+00  1.731E+00 
 6.213E-09  0.000E+00  1.758E+00 
 6.413E-09  0.000E+00  1.774E+00 
 6.613E-09  0.000E+00  1.785E+00 
 6.813E-09  0.000E+00  1.791E+00 
 7.013E-09  0.000E+00  1.794E+00 
 7.213E-09  0.000E+00  1.797E+00 
 7.413E-09  0.000E+00  1.798E+00 
 7.613E-09  0.000E+00  1.799E+00 
 7.813E-09  0.000E+00  1.799E+00 
 8.013E-09  0.000E+00  1.800E+00 
 8.213E-09  0.000E+00  1.800E+00 
 8.413E-09  0.000E+00  1.800E+00 
 8.613E-09  0.000E+00  1.800E+00 
 8.813E-09  0.000E+00  1.800E+00 
 9.013E-09  0.000E+00  1.800E+00 
 9.213E-09  0.000E+00  1.800E+00 
 9.413E-09  0.000E+00  1.800E+00 
 9.613E-09  0.000E+00  1.800E+00 
 9.813E-09  0.000E+00  1.800E+00 
 1.000E-08  0.000E+00  1.800E+00 
