#format table ## [Custom WaveView] saved 17:29:18 Mon Sep 25 2023
TIME A B out 
 0.000E+00  1.800E+00  0.000E+00  1.800E+00 
 1.000E-12  1.800E+00  0.000E+00  1.800E+00 
 3.000E-12  1.800E+00  0.000E+00  1.800E+00 
 7.000E-12  1.800E+00  0.000E+00  1.800E+00 
 1.500E-11  1.800E+00  0.000E+00  1.800E+00 
 3.100E-11  1.800E+00  0.000E+00  1.800E+00 
 6.300E-11  1.800E+00  0.000E+00  1.800E+00 
 1.270E-10  1.800E+00  0.000E+00  1.800E+00 
 2.550E-10  1.800E+00  0.000E+00  1.800E+00 
 4.550E-10  1.800E+00  0.000E+00  1.800E+00 
 6.550E-10  1.800E+00  0.000E+00  1.800E+00 
 8.550E-10  1.800E+00  0.000E+00  1.800E+00 
 1.000E-09  1.800E+00  0.000E+00  1.800E+00 
 1.002E-09  1.800E+00  1.501E-02  1.800E+00 
 1.005E-09  1.800E+00  4.502E-02  1.800E+00 
 1.012E-09  1.800E+00  1.051E-01  1.801E+00 
 1.025E-09  1.800E+00  2.251E-01  1.802E+00 
 1.038E-09  1.800E+00  3.390E-01  1.803E+00 
 1.045E-09  1.800E+00  4.014E-01  1.804E+00 
 1.052E-09  1.800E+00  4.638E-01  1.804E+00 
 1.060E-09  1.800E+00  5.437E-01  1.805E+00 
 1.067E-09  1.800E+00  6.036E-01  1.805E+00 
 1.074E-09  1.800E+00  6.676E-01  1.806E+00 
 1.078E-09  1.800E+00  7.008E-01  1.806E+00 
 1.083E-09  1.800E+00  7.445E-01  1.806E+00 
 1.086E-09  1.800E+00  7.756E-01  1.806E+00 
 1.090E-09  1.800E+00  8.144E-01  1.805E+00 
 1.095E-09  1.800E+00  8.542E-01  1.804E+00 
 1.100E-09  1.800E+00  9.009E-01  1.802E+00 
 1.107E-09  1.800E+00  9.651E-01  1.799E+00 
 1.120E-09  1.800E+00  1.076E+00  1.792E+00 
 1.144E-09  1.800E+00  1.296E+00  1.773E+00 
 1.172E-09  1.800E+00  1.548E+00  1.741E+00 
 1.186E-09  1.800E+00  1.674E+00  1.723E+00 
 1.193E-09  1.800E+00  1.737E+00  1.713E+00 
 1.200E-09  1.800E+00  1.800E+00  1.703E+00 
 1.202E-09  1.800E+00  1.800E+00  1.701E+00 
 1.205E-09  1.800E+00  1.800E+00  1.696E+00 
 1.209E-09  1.800E+00  1.800E+00  1.691E+00 
 1.216E-09  1.800E+00  1.800E+00  1.680E+00 
 1.222E-09  1.800E+00  1.800E+00  1.670E+00 
 1.235E-09  1.800E+00  1.800E+00  1.651E+00 
 1.254E-09  1.800E+00  1.800E+00  1.623E+00 
 1.282E-09  1.800E+00  1.800E+00  1.582E+00 
 1.339E-09  1.800E+00  1.800E+00  1.498E+00 
 1.442E-09  1.800E+00  1.800E+00  1.346E+00 
 1.642E-09  1.800E+00  1.800E+00  1.056E+00 
 1.842E-09  1.800E+00  1.800E+00  7.727E-01 
 2.042E-09  1.800E+00  1.800E+00  5.112E-01 
 2.242E-09  1.800E+00  1.800E+00  3.051E-01 
 2.426E-09  1.800E+00  1.800E+00  1.793E-01 
 2.579E-09  1.800E+00  1.800E+00  1.128E-01 
 2.779E-09  1.800E+00  1.800E+00  5.977E-02 
 2.979E-09  1.800E+00  1.800E+00  3.120E-02 
 3.179E-09  1.800E+00  1.800E+00  1.615E-02 
 3.379E-09  1.800E+00  1.800E+00  8.325E-03 
 3.579E-09  1.800E+00  1.800E+00  4.284E-03 
 3.779E-09  1.800E+00  1.800E+00  2.202E-03 
 3.979E-09  1.800E+00  1.800E+00  1.132E-03 
 4.000E-09  1.800E+00  1.800E+00  1.056E-03 
 4.002E-09  1.800E+00  1.785E+00  9.425E-04 
 4.005E-09  1.800E+00  1.755E+00  7.121E-04 
 4.012E-09  1.800E+00  1.695E+00  2.525E-04 
 4.019E-09  1.800E+00  1.633E+00 -2.182E-04 
 4.029E-09  1.800E+00  1.539E+00 -9.084E-04 
 4.045E-09  1.800E+00  1.392E+00 -1.979E-03 
 4.069E-09  1.800E+00  1.178E+00 -3.383E-03 
 4.107E-09  1.800E+00  8.348E-01  1.830E-04 
 4.160E-09  1.800E+00  3.594E-01  3.020E-02 
 4.200E-09  1.800E+00  0.000E+00  7.960E-02 
 4.206E-09  1.800E+00  0.000E+00  8.910E-02 
 4.217E-09  1.800E+00  0.000E+00  1.081E-01 
 4.228E-09  1.800E+00  0.000E+00  1.259E-01 
 4.250E-09  1.800E+00  0.000E+00  1.614E-01 
 4.286E-09  1.800E+00  0.000E+00  2.213E-01 
 4.345E-09  1.800E+00  0.000E+00  3.176E-01 
 4.457E-09  1.800E+00  0.000E+00  4.969E-01 
 4.640E-09  1.800E+00  0.000E+00  7.824E-01 
 4.690E-09  1.800E+00  0.000E+00  8.580E-01 
 4.790E-09  1.800E+00  0.000E+00  1.004E+00 
 4.838E-09  1.800E+00  0.000E+00  1.071E+00 
 4.933E-09  1.800E+00  0.000E+00  1.196E+00 
 5.039E-09  1.800E+00  0.000E+00  1.319E+00 
 5.076E-09  1.800E+00  0.000E+00  1.358E+00 
 5.150E-09  1.800E+00  0.000E+00  1.429E+00 
 5.253E-09  1.800E+00  0.000E+00  1.513E+00 
 5.447E-09  1.800E+00  0.000E+00  1.629E+00 
 5.647E-09  1.800E+00  0.000E+00  1.703E+00 
 5.847E-09  1.800E+00  0.000E+00  1.746E+00 
 6.047E-09  1.800E+00  0.000E+00  1.770E+00 
 6.247E-09  1.800E+00  0.000E+00  1.784E+00 
 6.447E-09  1.800E+00  0.000E+00  1.791E+00 
 6.647E-09  1.800E+00  0.000E+00  1.795E+00 
 6.847E-09  1.800E+00  0.000E+00  1.797E+00 
 7.047E-09  1.800E+00  0.000E+00  1.799E+00 
 7.247E-09  1.800E+00  0.000E+00  1.799E+00 
 7.447E-09  1.800E+00  0.000E+00  1.800E+00 
 7.647E-09  1.800E+00  0.000E+00  1.800E+00 
 7.847E-09  1.800E+00  0.000E+00  1.800E+00 
 8.047E-09  1.800E+00  0.000E+00  1.800E+00 
 8.247E-09  1.800E+00  0.000E+00  1.800E+00 
 8.447E-09  1.800E+00  0.000E+00  1.800E+00 
 8.647E-09  1.800E+00  0.000E+00  1.800E+00 
 8.847E-09  1.800E+00  0.000E+00  1.800E+00 
 9.047E-09  1.800E+00  0.000E+00  1.800E+00 
 9.247E-09  1.800E+00  0.000E+00  1.800E+00 
 9.447E-09  1.800E+00  0.000E+00  1.800E+00 
 9.647E-09  1.800E+00  0.000E+00  1.800E+00 
 9.847E-09  1.800E+00  0.000E+00  1.800E+00 
 1.000E-08  1.800E+00  0.000E+00  1.800E+00 
