#format table ## [Custom WaveView] saved 18:57:35 Mon Sep 25 2023
FREQ MAG:R1:1 PHASE:R1:1 
 1.000E+01  1.685E-13  9.003E+01 
 1.445E+01  2.435E-13  9.005E+01 
 2.089E+01  3.521E-13  9.006E+01 
 3.020E+01  5.091E-13  9.008E+01 
 4.365E+01  7.362E-13  9.010E+01 
 6.310E+01  1.065E-12  9.011E+01 
 9.120E+01  1.540E-12  9.010E+01 
 1.318E+02  2.228E-12  9.009E+01 
 1.905E+02  3.221E-12  9.006E+01 
 2.754E+02  4.657E-12  9.004E+01 
 3.981E+02  6.732E-12  9.002E+01 
 5.754E+02  9.731E-12  9.000E+01 
 8.318E+02  1.407E-11  8.998E+01 
 1.202E+03  2.033E-11  8.996E+01 
 1.738E+03  2.939E-11  8.993E+01 
 2.512E+03  4.248E-11  8.990E+01 
 3.631E+03  6.140E-11  8.985E+01 
 5.248E+03  8.875E-11  8.978E+01 
 7.586E+03  1.283E-10  8.968E+01 
 1.096E+04  1.853E-10  8.953E+01 
 1.585E+04  2.677E-10  8.933E+01 
 2.291E+04  3.865E-10  8.904E+01 
 3.311E+04  5.573E-10  8.864E+01 
 4.786E+04  8.017E-10  8.811E+01 
 6.918E+04  1.149E-09  8.749E+01 
 1.000E+05  1.636E-09  8.689E+01 
 1.445E+05  2.317E-09  8.653E+01 
 2.089E+05  3.276E-09  8.661E+01 
 3.020E+05  4.648E-09  8.708E+01 
 4.365E+05  6.634E-09  8.770E+01 
 6.310E+05  9.518E-09  8.830E+01 
 9.120E+05  1.371E-08  8.879E+01 
 1.318E+06  1.977E-08  8.915E+01 
 1.905E+06  2.855E-08  8.940E+01 
 2.754E+06  4.125E-08  8.959E+01 
 3.981E+06  5.961E-08  8.971E+01 
 5.754E+06  8.615E-08  8.980E+01 
 8.318E+06  1.245E-07  8.986E+01 
 1.202E+07  1.800E-07  8.990E+01 
 1.738E+07  2.602E-07  8.993E+01 
 2.512E+07  3.760E-07  8.995E+01 
 3.631E+07  5.435E-07  8.996E+01 
 5.248E+07  7.856E-07  8.997E+01 
 7.586E+07  1.136E-06  8.997E+01 
 1.096E+08  1.641E-06  8.996E+01 
 1.585E+08  2.373E-06  8.995E+01 
 2.291E+08  3.429E-06  8.994E+01 
 3.311E+08  4.957E-06  8.991E+01 
 4.786E+08  7.165E-06  8.988E+01 
 6.918E+08  1.036E-05  8.983E+01 
 1.000E+09  1.497E-05  8.975E+01 
