#format table ## [Custom WaveView] saved 14:23:54 Mon Sep 25 2023
FREQ MAG:R1:1 PHASE:R1:1 
 1.000E+01  2.577E-13  9.000E+01 
 1.445E+01  3.726E-13  9.000E+01 
 2.089E+01  5.385E-13  9.000E+01 
 3.020E+01  7.784E-13  9.000E+01 
 4.365E+01  1.125E-12  9.000E+01 
 6.310E+01  1.626E-12  9.000E+01 
 9.120E+01  2.351E-12  9.000E+01 
 1.318E+02  3.398E-12  9.000E+01 
 1.905E+02  4.911E-12  9.000E+01 
 2.754E+02  7.099E-12  9.000E+01 
 3.981E+02  1.026E-11  9.000E+01 
 5.754E+02  1.483E-11  9.000E+01 
 8.318E+02  2.144E-11  9.000E+01 
 1.202E+03  3.099E-11  9.000E+01 
 1.738E+03  4.479E-11  9.000E+01 
 2.512E+03  6.474E-11  9.000E+01 
 3.631E+03  9.358E-11  9.000E+01 
 5.248E+03  1.353E-10  9.000E+01 
 7.586E+03  1.955E-10  9.000E+01 
 1.096E+04  2.826E-10  9.000E+01 
 1.585E+04  4.085E-10  9.000E+01 
 2.291E+04  5.905E-10  9.000E+01 
 3.311E+04  8.535E-10  9.000E+01 
 4.786E+04  1.234E-09  9.000E+01 
 6.918E+04  1.783E-09  9.000E+01 
 1.000E+05  2.577E-09  9.000E+01 
 1.445E+05  3.726E-09  9.000E+01 
 2.089E+05  5.385E-09  9.000E+01 
 3.020E+05  7.784E-09  9.000E+01 
 4.365E+05  1.125E-08  9.000E+01 
 6.310E+05  1.626E-08  9.000E+01 
 9.120E+05  2.351E-08  9.000E+01 
 1.318E+06  3.398E-08  9.000E+01 
 1.905E+06  4.911E-08  9.000E+01 
 2.754E+06  7.099E-08  9.000E+01 
 3.981E+06  1.026E-07  9.000E+01 
 5.754E+06  1.483E-07  9.000E+01 
 8.318E+06  2.144E-07  8.999E+01 
 1.202E+07  3.099E-07  8.999E+01 
 1.738E+07  4.479E-07  8.999E+01 
 2.512E+07  6.474E-07  8.998E+01 
 3.631E+07  9.358E-07  8.998E+01 
 5.248E+07  1.353E-06  8.997E+01 
 7.586E+07  1.955E-06  8.995E+01 
 1.096E+08  2.826E-06  8.993E+01 
 1.585E+08  4.085E-06  8.990E+01 
 2.291E+08  5.904E-06  8.985E+01 
 3.311E+08  8.534E-06  8.978E+01 
 4.786E+08  1.234E-05  8.969E+01 
 6.918E+08  1.783E-05  8.955E+01 
 1.000E+09  2.577E-05  8.934E+01 
