#format table ## [Custom WaveView] saved 12:22:38 Mon Sep 25 2023
TIME IV_in IV_out 
 0.000E+00  0.000E+00  1.800E+00 
 1.000E-12  0.000E+00  1.800E+00 
 3.000E-12  0.000E+00  1.800E+00 
 7.000E-12  0.000E+00  1.800E+00 
 1.500E-11  0.000E+00  1.800E+00 
 3.100E-11  0.000E+00  1.800E+00 
 6.300E-11  0.000E+00  1.800E+00 
 1.270E-10  0.000E+00  1.800E+00 
 2.550E-10  0.000E+00  1.800E+00 
 4.550E-10  0.000E+00  1.800E+00 
 6.550E-10  0.000E+00  1.800E+00 
 8.550E-10  0.000E+00  1.800E+00 
 1.000E-09  0.000E+00  1.800E+00 
 1.002E-09  1.501E-02  1.800E+00 
 1.005E-09  4.502E-02  1.801E+00 
 1.012E-09  1.051E-01  1.802E+00 
 1.025E-09  2.251E-01  1.804E+00 
 1.052E-09  4.653E-01  1.808E+00 
 1.105E-09  9.455E-01  1.795E+00 
 1.151E-09  1.359E+00  1.747E+00 
 1.178E-09  1.606E+00  1.699E+00 
 1.189E-09  1.703E+00  1.676E+00 
 1.200E-09  1.800E+00  1.651E+00 
 1.202E-09  1.800E+00  1.647E+00 
 1.205E-09  1.800E+00  1.639E+00 
 1.210E-09  1.800E+00  1.627E+00 
 1.219E-09  1.800E+00  1.605E+00 
 1.237E-09  1.800E+00  1.559E+00 
 1.273E-09  1.800E+00  1.468E+00 
 1.347E-09  1.800E+00  1.287E+00 
 1.493E-09  1.800E+00  9.313E-01 
 1.693E-09  1.800E+00  4.724E-01 
 1.805E-09  1.800E+00  2.599E-01 
 1.935E-09  1.800E+00  1.081E-01 
 2.041E-09  1.800E+00  5.002E-02 
 2.144E-09  1.800E+00  2.273E-02 
 2.251E-09  1.800E+00  9.977E-03 
 2.376E-09  1.800E+00  3.672E-03 
 2.532E-09  1.800E+00  9.717E-04 
 2.732E-09  1.800E+00  1.426E-04 
 2.932E-09  1.800E+00  1.962E-05 
 3.132E-09  1.800E+00  2.548E-06 
 3.332E-09  1.800E+00  6.047E-07 
 3.532E-09  1.800E+00 -1.287E-07 
 3.732E-09  1.800E+00  2.150E-07 
 3.932E-09  1.800E+00 -1.857E-07 
 4.000E-09  1.800E+00  2.077E-07 
 4.002E-09  1.785E+00 -2.362E-04 
 4.005E-09  1.755E+00 -6.778E-04 
 4.012E-09  1.695E+00 -1.530E-03 
 4.025E-09  1.575E+00 -3.125E-03 
 4.052E-09  1.335E+00 -6.030E-03 
 4.105E-09  8.545E-01 -1.874E-04 
 4.160E-09  3.610E-01  5.140E-02 
 4.200E-09  0.000E+00  1.346E-01 
 4.208E-09  0.000E+00  1.567E-01 
 4.221E-09  0.000E+00  1.935E-01 
 4.233E-09  0.000E+00  2.243E-01 
 4.255E-09  0.000E+00  2.859E-01 
 4.300E-09  0.000E+00  4.080E-01 
 4.390E-09  0.000E+00  6.476E-01 
 4.571E-09  0.000E+00  1.089E+00 
 4.723E-09  0.000E+00  1.388E+00 
 4.860E-09  0.000E+00  1.569E+00 
 5.003E-09  0.000E+00  1.682E+00 
 5.194E-09  0.000E+00  1.756E+00 
 5.336E-09  0.000E+00  1.779E+00 
 5.494E-09  0.000E+00  1.791E+00 
 5.670E-09  0.000E+00  1.796E+00 
 5.870E-09  0.000E+00  1.799E+00 
 6.070E-09  0.000E+00  1.800E+00 
 6.270E-09  0.000E+00  1.800E+00 
 6.470E-09  0.000E+00  1.800E+00 
 6.670E-09  0.000E+00  1.800E+00 
 6.870E-09  0.000E+00  1.800E+00 
 7.070E-09  0.000E+00  1.800E+00 
 7.270E-09  0.000E+00  1.800E+00 
 7.470E-09  0.000E+00  1.800E+00 
 7.670E-09  0.000E+00  1.800E+00 
 7.870E-09  0.000E+00  1.800E+00 
 8.070E-09  0.000E+00  1.800E+00 
 8.270E-09  0.000E+00  1.800E+00 
 8.470E-09  0.000E+00  1.800E+00 
 8.670E-09  0.000E+00  1.800E+00 
 8.870E-09  0.000E+00  1.800E+00 
 9.070E-09  0.000E+00  1.800E+00 
 9.270E-09  0.000E+00  1.800E+00 
 9.470E-09  0.000E+00  1.800E+00 
 9.670E-09  0.000E+00  1.800E+00 
 9.835E-09  0.000E+00  1.800E+00 
 1.000E-08  0.000E+00  1.800E+00 
